game cumulative trailing
1 -3.850000 -30.000000
2 -7.600000 -30.000000
3 -10.510000 -30.000000
4 -14.250000 -30.000000
5 -17.290000 -30.000000
6 -17.890000 -30.000000
7 -14.100000 -30.000000
8 -20.120000 -30.000000
9 -19.120000 -30.000000
10 -24.930000 -30.000000
11 -22.760000 -30.000000
12 -18.690000 -30.000000
13 -15.020000 -30.000000
14 -11.440000 -30.000000
15 -16.130000 -30.000000
16 -18.920000 -30.000000
17 -23.820000 -30.000000
18 -29.280000 -30.000000
19 -28.120000 -30.000000
20 -33.730000 -30.000000
