game cumulative trailing
1 -4.350000 -22.000000
2 -3.270000 -22.000000
3 -7.740000 -22.000000
4 -3.500000 -22.000000
5 -4.080000 -22.000000
6 -8.390000 -22.000000
7 -9.480000 -22.000000
8 -8.800000 -22.000000
9 -7.010000 -22.000000
10 0.740000 -21.260000
11 6.800000 -15.200000
12 13.970000 -8.030000
13 13.130000 -8.030000
14 11.770000 -8.030000
15 8.150000 -8.030000
16 7.030000 -8.030000
17 13.000000 -8.030000
18 12.550000 -8.030000
19 20.350000 -1.650000
20 15.530000 -1.650000
21 16.590000 -1.650000
22 13.450000 -1.650000
23 12.140000 -1.650000
24 11.380000 -1.650000
25 12.150000 -1.650000
26 19.150000 -1.650000
27 17.870000 -1.650000
28 15.180000 -1.650000
29 22.710000 0.710000
30 22.310000 0.710000
31 22.610000 0.710000
32 28.780000 6.780000
33 28.350000 6.780000
34 32.150000 10.150000
35 25.380000 10.150000
36 24.970000 10.150000
37 32.640000 10.640000
38 34.470000 12.470000
39 41.130000 19.130000
40 38.110000 19.130000
41 42.990000 20.990000
42 40.860000 20.990000
43 45.130000 23.130000
44 45.960000 23.960000
45 50.190000 28.190000
46 49.530000 28.190000
47 49.130000 28.190000
48 54.940000 32.940000
49 55.580000 33.580000
50 62.530000 40.530000
51 63.210000 41.210000
52 64.800000 42.800000
53 69.900000 47.900000
54 64.430000 47.900000
55 60.720000 47.900000
56 66.690000 47.900000
57 66.420000 47.900000
58 70.030000 48.030000
59 69.870000 48.030000
60 75.920000 53.920000
61 75.260000 53.920000
62 75.990000 53.990000
63 73.050000 53.990000
64 70.150000 53.990000
65 76.210000 54.210000
66 73.180000 54.210000
67 71.830000 54.210000
68 72.190000 54.210000
69 78.280000 56.280000
70 78.860000 56.860000
71 72.850000 56.860000
72 70.380000 56.860000
73 66.550000 56.860000
74 67.340000 56.860000
75 64.230000 56.860000
76 61.520000 56.860000
77 59.640000 56.860000
78 55.670000 56.860000
