game cumulative trailing
1 8.060000 -15.940000
2 8.060000 -15.940000
3 3.080000 -15.940000
4 1.820000 -15.940000
5 -2.690000 -15.940000
6 0.180000 -15.940000
7 -1.750000 -15.940000
8 -4.280000 -15.940000
9 -9.630000 -15.940000
10 -11.440000 -15.940000
11 -13.190000 -15.940000
12 -10.520000 -15.940000
13 -7.520000 -15.940000
14 -9.160000 -15.940000
15 -8.480000 -15.940000
16 -11.860000 -15.940000
17 -14.680000 -15.940000
18 -16.690000 -15.940000
19 -14.690000 -15.940000
20 -12.890000 -15.940000
21 -6.600000 -15.940000
22 0.620000 -15.940000
23 5.740000 -15.940000
24 0.950000 -15.940000
25 7.140000 -15.940000
26 4.280000 -15.940000
27 4.560000 -15.940000
28 2.830000 -15.940000
29 -2.200000 -15.940000
30 -5.170000 -15.940000
31 1.360000 -15.940000
32 -1.210000 -15.940000
33 6.170000 -15.940000
34 5.520000 -15.940000
35 4.280000 -15.940000
36 11.620000 -12.380000
37 9.710000 -12.380000
38 7.500000 -12.380000
39 4.750000 -12.380000
40 8.520000 -12.380000
41 11.760000 -12.240000
42 13.300000 -10.700000
43 8.870000 -10.700000
44 6.150000 -10.700000
45 4.400000 -10.700000
46 5.800000 -10.700000
47 2.450000 -10.700000
48 4.440000 -10.700000
49 2.500000 -10.700000
50 -0.110000 -10.700000
51 6.810000 -10.700000
52 14.520000 -9.480000
53 22.410000 -1.590000
54 22.700000 -1.300000
55 21.590000 -1.300000
56 17.490000 -1.300000
57 13.200000 -1.300000
58 10.170000 -1.300000
59 17.980000 -1.300000
60 19.950000 -1.300000
61 18.400000 -1.300000
62 18.080000 -1.300000
63 17.280000 -1.300000
64 16.880000 -1.300000
65 24.270000 0.270000
66 32.480000 8.480000
67 30.010000 8.480000
68 29.140000 8.480000
69 37.360000 13.360000
70 41.540000 17.540000
71 43.890000 19.890000
72 51.090000 27.090000
73 56.730000 32.730000
74 60.160000 36.160000
75 58.850000 36.160000
76 66.080000 42.080000
77 67.610000 43.610000
78 61.960000 43.610000
79 65.840000 43.610000
80 60.410000 43.610000
81 68.840000 44.840000
82 70.960000 46.960000
83 78.570000 54.570000
84 85.060000 61.060000
85 83.500000 61.060000
86 84.210000 61.060000
87 91.790000 67.790000
88 86.750000 67.790000
89 83.700000 67.790000
90 81.300000 67.790000
91 85.440000 67.790000
92 83.820000 67.790000
93 89.940000 67.790000
94 88.640000 67.790000
95 87.950000 67.790000
96 96.330000 72.330000
97 95.120000 72.330000
98 93.030000 72.330000
99 93.240000 72.330000
100 95.980000 72.330000
101 103.350000 79.350000
102 100.760000 79.350000
103 95.050000 79.350000
104 99.550000 79.350000
105 107.680000 83.680000
106 104.720000 83.680000
107 104.020000 83.680000
108 103.060000 83.680000
109 98.790000 83.680000
110 96.520000 83.680000
111 102.010000 83.680000
112 107.310000 83.680000
113 111.990000 87.990000
114 119.200000 95.200000
115 118.000000 95.200000
116 120.920000 96.920000
117 120.510000 96.920000
118 128.560000 104.560000
119 136.350000 112.350000
120 137.620000 113.620000
121 142.710000 118.710000
122 142.420000 118.710000
123 150.020000 126.020000
124 144.100000 126.020000
125 141.110000 126.020000
126 146.120000 126.020000
127 150.880000 126.880000
128 158.350000 134.350000
129 154.390000 134.350000
130 157.710000 134.350000
131 163.880000 139.880000
132 161.820000 139.880000
133 169.930000 145.930000
134 177.650000 153.650000
135 176.910000 153.650000
136 176.140000 153.650000
137 176.550000 153.650000
138 173.860000 153.650000
139 174.020000 153.650000
140 172.240000 153.650000
141 178.060000 154.060000
142 181.030000 157.030000
143 189.180000 165.180000
144 185.640000 165.180000
145 192.550000 168.550000
146 186.220000 168.550000
147 180.490000 168.550000
148 180.010000 168.550000
149 185.390000 168.550000
150 190.940000 168.550000
